--> , 0.3826700874139696
, 0.3819939866553777
, 0.37703051437674
, 0.3770242267597405
, 0.378922179915452
, 0.3775706849316029
, 0.3739531259213798
, 0.3714000774978583
, 0.3725138483229969
, 0.3765710865109958
, 0.3698777499692224
, 0.3658359774292887
, 0.3652909794297142
, 0.3660140116849638
, 0.3687089376858149
, 0.3619496443401112
, 0.3584600337644169
, 0.3569287737244328
, 0.355945469881615
, 0.3546676101079531
, 0.3556549860631315
, 0.3491462669987244
, 0.3451251970572992
, 0.3444828878737774
, 0.3406098381871612
, 0.3331983578338879
, 0.2972047586679908
, 0.228753421957803
, 0.1629894395610788
, 0.1213711757620489
, 0.09401210597060816
, 0.1019643201507183
, 0.1264818354868724
, 0.1529979854701341
, 0.1753025516621929
, 0.1789633369175553
, 0.1795880475856355
, 0.178321958899933
, 0.1765601662746654
, 0.1788237665199708
, 0.1772863734579312
, 0.1743017177803224
, 0.1720247609063821
, 0.1728718205461101
, 0.1735226497790505
, 0.1722859844021948
, 0.1699304696578742
, 0.1683969727477992
, 0.1635992623381617
, 0.1669241593004639
, 0.1666183664863263
, 0.1633932945274779
, 0.1660234812512969
, 0.162478460191209
, 0.1612901982553874
, 0.1597722630381276
, 0.1573319622324846
, 0.1543214340939887
, 0.1558803229807978
, 0.1546543401123226
, 0.1562719114111507
, 0.1543317799737653
, 0.1510039966709417
, 0.1534652557344671
, 0.151390010344468
, 0.1476229214316762
, 0.148501582879003
, 0.1424322857707732
, 0.1449288516369059
, 0.1463037202175862
, 0.1395252615247588
, 0.1403122470008071
, 0.1386498497227213
, 0.1352131211116628
, 0.135674049104007
, 0.1314849908576364
, 0.1283253735773364
, 0.1273059153718476
, 0.1229508362160186
, 0.1212610778237784
, 0.1235830190654824
, 0.1163279055896588
, 0.1115389646889052
, 0.113306815318062
, 0.1100601231888181
, 0.09506216950071654
, 0.06964234294439128
, 0.03153354908020954
, -0.005852409865395203
, -0.04292931797835036
, -0.09477682711175868
, -0.1535176193363218
, -0.209886181001771
, -0.2350579410679065
, -0.2392452550285751
, -0.2432312112007938
, -0.2498395601830081
, -0.2521558086830855
, -0.2560953620737925
, -0.2601962927626258
, -0.261796679657737
, -0.2620297453139107
, -0.2617364072619086
, -0.264858399870133
, -0.264922705149064
, -0.2670570001903934
, -0.2691752559775876
, -0.2660034259632356
, -0.2696300635719426
, -0.2732386284377212
, -0.2740246515562276
, -0.2760202432027357
, -0.2770787364488849
, -0.2788582870907111
, -0.2813293026417243
, -0.2796282179476636
, -0.2810427261610713
, -0.2855015519513151
, -0.2893044843503946
, -0.2912830579043754
, -0.2905112989216075
, -0.2873687545190004
, -0.291443389926886
, -0.2915229469489937
, -0.2958213042269142
, -0.2982038502632018
, -0.2960385813030232
, -0.2975866424442012
, -0.3026621172880202
, -0.2986917869778269
, -0.3036205383862982
, -0.3025470930124082
, -0.3032795028801962
, -0.306314009191927
, -0.3053409991867492
, -0.308316270699821
, -0.3082173722304858
, -0.3089387258237101
, -0.314460051480029
, -0.3166657326517532
, -0.3097973841646936
, -0.31381100910286
, -0.3178969154116333
, -0.3169784051724703
, -0.3068333504400654
, -0.2812061932536573
, -0.2474560821788912
, -0.2080466149056122
, -0.183828277125001
, -0.1947223849521053
, -0.2573633865609326
, -0.3438208028969436
, -0.42901973710852
, -0.4622653127166304
, -0.4682714633867702
, -0.4702891233429403
, -0.4742929079871983
, -0.4790419665402257
, -0.4843443275628039
, -0.4895024217698621
, -0.4863447948690471
, -0.4906719737280258
, -0.4919805526738649
, -0.497251569574144
, -0.4942330688272017
, -0.4938589939080024
, -0.4968443657879366
, -0.4941292297078774
, -0.498205827152699
, -0.5009323885213183
, -0.4991137798427314
, -0.5026148878910803
, -0.5043753293706611
, -0.5077737894944683
, -0.5096877403423646
, -0.5066358403634729
, -0.5093231757536764
, -0.5123796613778924
, -0.5157246855941855
, -0.5168096933763039
, -0.5133033125044564
, -0.5126438904775483
, -0.5180819134906762
, -0.5209284069659356
, -0.5198212853492732
, -0.5201395215525192
, -0.5205904079716998
, -0.5244182466229292
, -0.5251268496881404
, -0.5221111565550037
, -0.526873143615323
, -0.5281642380473781
, -0.529028143490389
, -0.5307983006910779
, -0.5267705028250249
, -0.531869624509819
, -0.5326771754521007
, -0.533048084187994
, -0.5346707929324539
, -0.5312597838225456
, -0.5251658147673971
, -0.5243242010283014
, -0.5241915054940387
, -0.515146321804025
, -0.4936848551952343
, -0.4420821837263016
, -0.3645224763301154
, -0.2756788527209916
, -0.2071991680181089
, -0.1760171071790219
, -0.1864927479328326
, -0.2089895902123349
, -0.2391818000124736
, -0.2560438631633951
, -0.2552496431853248
, -0.2592520449903011
, -0.2610774442790022
, -0.2629408370387426
, -0.2675325339486991
, -0.2674062348101158
, -0.2688544561410365
, -0.2706650310769273
, -0.2728173290643193
, -0.2737805249962179
, -0.2744730987411488
, -0.2748548297367833
, -0.2759568310171253
, -0.2758923087973383
, -0.2831595820916072
, -0.2807355377271726
, -0.2800372571428838
, -0.2820930827832201
, -0.2787041982639018
, -0.2838492081234602
, -0.2859172473932622
, -0.2858877602582738
, -0.2868448735580068
, -0.2895608411642003
, -0.2894997923784611
, -0.2913754858055467
, -0.2880217493255891
, -0.2881634237027571
, -0.2917609880516627
, -0.2908473301527824
, -0.2929143574593447
, -0.29562718030509
, -0.2924261303678616
, -0.2990537591124747
, -0.2973541568090437
, -0.2958056492324316
, -0.3011247631838662
, -0.2982711413833614
, -0.2998150047528738
, -0.3044723362557806
, -0.3026628357447818
, -0.3048702727232214
, -0.3059341406382677
, -0.3059956164721747
, -0.3107964850507264
, -0.310088703574692
, -0.3042235374696632
, -0.3075804120889591
, -0.3096202585153433
, -0.3020364590925206
, -0.2884301166769064
, -0.262865664950805
, -0.2096107227670082
, -0.141542708298852
, -0.08460400445480851
, -0.04552168022526837
, -0.01887927092706444
, 0.02354117924721859
, 0.08070137418288702
, 0.1353891985027989
, 0.1702008006116451
, 0.1815765126409007
, 0.1799039494142805
, 0.1794913830195939
, 0.1792659819348198
, 0.1792830920934599
, 0.1790267648328386
, 0.1787837026975317
, 0.1787215668557886
, 0.1785957852973836
, 0.1812069741057453
, 0.1788833350569744
, 0.1760645376750704
, 0.1790222187374979
, 0.1780460360125346
, 0.1758043241015341
, 0.1749968903656232
, 0.1721047737360072
, 0.1708414673575237
, 0.1710028555490565
, 0.1703905954027693
, 0.1713695101912107
, 0.1690095482726324
, 0.1644678402186143
, 0.162831573264712
, 0.162230317335002
, 0.1621022310227581
, 0.1637409285482735
, 0.1602832995518102
, 0.162545172803411
, 0.1596838858915194
, 0.1563036899953565
, 0.1568550896852084
, 0.1561688912833034
, 0.1530581077279489
, 0.1585571674649933
, 0.1523989714334224
, 0.1519383256987514
, 0.15208205376612
, 0.1515151275863925
, 0.1528122125912247
, 0.1487780632074526
, 0.1474395672321454
, 0.1474629481623381
, 0.1443579863929918
, 0.1414413797310181
, 0.1467593752405055
, 0.1402356882678613
, 0.1360959500890323
, 0.1354598567364443
, 0.1369184139818189
, 0.1368839088310496
, 0.1205301963649181
, 0.1005275730024209
, 0.09096629414897041
, 0.09841676440262147
, 0.1116915367982025
, 0.1597717690585849
, 0.234426142744131
, 0.3120780966990959
, 0.3619107946662614
, 0.3840059555281635
, 0.3897565330689977
, 0.3889635553960256
, 0.3912092601496572
, 0.3930872376372965
, 0.3982415058585084
, 0.3944120128110146
, 0.394176830355207
, 0.3926701471850601
, 0.3989847993198154
, 0.3980623513692704
, 0.3944627995413148
, 0.3968854729575335
, 0.3962101330255201
, 0.3949072695512346
, 0.3961343235273417
, 0.3915328086825229
, 0.3894892150833606
, 0.3879840669870481
, 0.3885090782013225
, 0.3897149926264331
, 0.3858534905595372
, 0.382426235593591
, 0.3818087991441604
, 0.3819638738070089
