0.038749104
, 0.016374182
, 0.015449833
, 0.015328397
, 0.0067060834
, 0.0014622711
, -0.00042392603
, -0.001485016
, -0.0021631523
, -0.0023455636
, -0.002588202
, -0.0025744494
, -0.0026205706
, -0.0024163278
, -0.0022932728
, -0.0021812028
, -0.0021802622
, -0.0020863584
, -0.001992476
, -0.0018751277
, -0.0018779103
, -0.0016951465
, -0.0016203409
, -0.0015641374
, -0.0014974034
, -0.0014122323
, -0.0012761318
, -0.0012270252
, -0.001128843
, -0.0010903767
, -0.001001696
, -0.00085325282
, -0.00082502406
, -0.0007782677
, -0.00069146902
, -0.00061574762
, -0.00052226381
, -0.00046133407
, -0.00043213304
, -0.0003994449
, -0.00032715125
, -0.00026912705
, -0.0002101193
, -0.0001899654
, -0.00016940149
, -9.7537937E-005
, -8.4043511E-005
, -1.5478979E-005
, -9.5760856E-006
, 4.0395502E-005
, 5.5844523E-005
, 0.00010995054
, 0.00013463751
, 0.00017018347
, 0.00019336437
, 0.00020332823
, 0.00023069263
, 0.00027234441
, 0.00032306
, 0.00034097123
, 0.00042568281
, 0.00047958274
, 0.00060966542
, 0.00071017526
, 0.00077811706
, 0.00089293368
, 0.00097483943
, 0.0010338457
, 0.0011224982
, 0.0011624712
, 0.0012229289
, 0.0013034593
, 0.0013377942
, 0.0013918884
, 0.0014443715
, 0.0014941717
, 0.0015025215
, 0.0015435382
, 0.001586788
, 0.0016136759
, 0.0016487805
, 0.0016619452
, 0.0016752021
, 0.0016970838
, 0.0017061219
, 0.0017227749
, 0.0017391743
, 0.0017485991
, 0.0017618765
, 0.0017573062
, 0.0017581769
, 0.0017721453
, 0.0017575216
, 0.0017700184
, 0.0017560839
, 0.0017486355
, 0.001740823
, 0.0017324589
, 0.0017261406
, 0.0017011361
, 0.0016859973
, 0.001675734
, 0.0016674715
, 0.0016184615
, 0.0015951408
, 0.0015574296
, 0.0015279966
, 0.0014999616
, 0.0014536996
, 0.0014077244
, 0.0013633721
, 0.0013118581
, 0.0012478525
, 0.001200187
, 0.0011424476
, 0.0010674315
, 0.00099731393
, 0.00095801279
, 0.00092820937
, 0.00086443964
, 0.0008216439
, 0.00076809131
, 0.00076019085
, 0.00076110035
, 0.00075752624
, 0.00075155304
, 0.00073205014
, 0.00072574679
, 0.00074277374
, 0.00073530416
, 0.00073066726
, 0.00071622665
, 0.00069739434
, 0.00069437813
, 0.00069129847
, 0.00067782088
, 0.00061952378
, 0.00064436517
, 0.00063192776
, 0.00060594086
, 0.00058793244
, 0.00058006566
, 0.00055580867
, 0.00055518811
, 0.00054973491
, 0.00048829936
, 0.00045454966
, 0.0004325935
, 0.0004059317
, 0.00036622846
, 0.00033178661
, 0.00026749739
, 0.00023762247
, 0.00019719699
, 0.00014386587
, 0.00013203468
, 5.9169693E-005
, -9.1398709E-006
, -5.8783306E-005
, -7.8194038E-005
, -0.00012589366
, -0.00018928292
, -0.0002528032
, -0.00028682953
, -0.00034953027
, -0.0004087501
, -0.0004638288
, -0.00048104837
, -0.00038857955
, -0.00027076087
, -0.0001824042
, 4.554492E-005
, 0.0005877802
, 0.0014581456
, 0.010159773
, 0.0094543364
, 0.010060553
, 0.01549358
, 0.069867371
, 0.67332216
, 0.071864485
, 0.01546928
, 0.010257886
, 0.0095724666
, 0.0039451399
, 0.0012968012
, 0.00044570333
, 6.9441509E-005
, -0.00030159101
, -0.00040307676
, -0.00050006757
, -0.00052452598
, -0.00056948436
, -0.00046498542
, -0.0003971271
, -0.00037912508
, -0.00033107927
, -0.00029048015
, -0.00019175701
, -0.00013298571
, -0.0001004664
, 7.646233E-007
, 3.8969713E-005
, 0.00013069527
, 0.00017288687
, 0.00024308082
, 0.00030683374
, 0.00032831485
, 0.00040672568
, 0.00044415714
, 0.00049052637
, 0.00057374583
, 0.00058005626
, 0.00061304244
, 0.00066970272
, 0.00070246849
, 0.00074555172
, 0.0007716571
, 0.0007899781
, 0.00080812802
, 0.00083770154
, 0.00085242654
, 0.00088673737
, 0.00087598671
, 0.00090916925
, 0.00093759097
, 0.00092822728
, 0.00094868566
, 0.00096424496
, 0.00099164381
, 0.00099018998
, 0.0010077221
, 0.0010196517
, 0.0010452282
, 0.0010620447
, 0.0010446277
, 0.0010505267
, 0.0010659776
, 0.0010862969
, 0.0010987173
, 0.0011350107
, 0.0011533812
, 0.0012260263
, 0.0012808375
, 0.0013109423
, 0.001383298
, 0.0014361575
, 0.0014655928
, 0.0015296583
, 0.0015614821
, 0.001607197
, 0.0016432289
, 0.0016655918
, 0.0017145082
, 0.0017259005
, 0.0017547607
, 0.0017625523
, 0.0017901805
, 0.0018212847
, 0.0018370604
, 0.0018610493
, 0.0018626619
, 0.001868369
, 0.0018799991
, 0.0018821423
, 0.001884555
, 0.0018874516
, 0.0018948573
, 0.0018941716
, 0.0018859183
, 0.0018713912
, 0.00187847
, 0.0018552766
, 0.0018536145
, 0.0018443293
, 0.001815395
, 0.0018171971
, 0.001780111
, 0.0017484077
, 0.0017195797
, 0.0016921795
, 0.0016697223
, 0.0016487222
, 0.0015907016
, 0.0015491466
, 0.0015105869
, 0.0014517085
, 0.0014001646
, 0.0013413009
, 0.0012890507
, 0.0012106484
, 0.0011378797
, 0.0010458491
, 0.00098462541
, 0.00089761808
, 0.00078337725
, 0.00067473284
, 0.00059427949
, 0.00053813232
, 0.00044798785
, 0.00037694473
, 0.00030820206
, 0.00027458428
, 0.00025248311
, 0.00022180697
, 0.00020369222
, 0.00016971421
, 0.00014279063
, 0.00013484686
, 9.3232254E-005
, 8.6991735E-005
, 4.3407581E-005
, 1.8555199E-005
, -1.8309E-005
, -6.1414617E-005
, -8.6064464E-005
, -0.00016982751
, -0.00016127307
, -0.0002115039
, -0.00026779264
, -0.0003150833
, -0.00033623142
, -0.00040187756
, -0.00045892336
, -0.0004686877
, -0.00054993374
, -0.00061253386
, -0.00064697417
, -0.00071968049
, -0.00077228775
, -0.00082467189
, -0.00089432724
, -0.00094292855
, -0.00099678008
, -0.0010877163
, -0.0010908632
, -0.0011603551
, -0.0012031913
, -0.0012746874
, -0.0013065331
, -0.0013356121
, -0.0013076759
, -0.0013805997
, -0.0014114169
, -0.0015227803
, -0.0016192939
, -0.0016884443
, -0.0017771691
, -0.0014045392
, -0.0014038592
, -0.00087481012
, -0.00045612983
, 0.00053374637
, 0.002149754
, 0.017840371
, 0.014751846
, 0.014521563
, 0.015626128
, 0.034701595
, 0.44612174
